0.1
0.102946
0.108836
0.11767
0.129445
0.144159
0.161808
0.182383
0.205878
0.232281
0.261581
0.293765
0.328817
0.366721
0.407458
0.451009
0.497352
0.546466
0.598325
0.652904
0.710177
0.770116
0.832691
0.897874
0.965631
1.03593
1.10874
1.18403
1.26176
1.34189
1.4244
1.50923
1.59637
1.68576
1.77737
1.87116
1.96709
2.06513
2.16523
2.26736
2.37147
2.47752
2.58548
2.69531
2.80696
2.92015
3.03449
3.14962
3.26517
3.38078
3.49611
3.61081
3.72455
3.837
3.94787
4.05684
4.16373
4.26859
4.37145
4.47236
4.57135
4.66846
4.76373
4.85719
4.94888
5.03882
5.12704
5.21358
5.29846
5.38172
5.46337
5.54344
5.62196
5.69895
5.77443
5.84842
5.92095
5.99203
6.06169
6.12995
6.19681
6.26231
6.32645
6.38926
6.45075
6.51093
6.56982
6.62743
6.68379
6.73889
6.79276
6.8454
6.89683
6.94706
6.9961
7.04397
7.09066
7.1362
7.18059
7.22384
7.26597
7.30697
7.34686
7.38564
7.42333
7.45992
7.49544
7.52988
7.56325
7.59555
7.6268
7.657
7.68616
7.71427
7.74135
7.7674
7.79242
7.81642
7.8394
7.86137
7.88233
7.90228
7.92122
7.93917
7.95612
7.97207
7.98703
8.001
8.01398
8.02597
8.03698
8.047
8.05604
8.06409
8.07116
8.07726
8.08237
8.0865
8.08965
8.09181
8.093
8.09321
8.09244
8.09069
8.08797
8.08427
8.0796
8.07395
8.06734
8.05976
8.05121
8.0417
8.03124
8.01981
8.00743
7.9941
7.97983
7.96461
7.94845
7.93136
7.91334
7.89438
7.87451
7.85372
7.83201
7.8094
7.78588
7.76146
7.73615
7.70996
7.68288
7.65492
7.6261
7.59641
7.56586
7.53445
7.50221
7.46912
7.4352
7.40045
7.36488
7.3285
7.29131
7.25332
7.21453
7.17496
7.13462
7.09349
7.05161
7.00897
6.96557
6.92144
6.87657
6.83097
6.78465
6.73761
6.68987
6.64144
6.59231
6.54249
6.49201
6.44085
6.38904
6.33657
6.28345
6.2297
6.17532
6.12031
6.06469
6.00847
5.95164
5.89422
5.83621
5.77763
5.71848
5.65876
5.59849
5.53768
5.47632
5.41442
5.35201
5.28907
5.22562
5.16166
5.09721
5.03227
4.96684
4.90094
4.83456
4.76773
4.70043
4.63269
4.5645
4.49588
4.42683
4.35735
4.28746
4.21715
4.14644
4.07533
4.00383
3.93195
3.8597
3.78732
3.71503
3.64304
3.57156
3.50081
3.43098
3.36228
3.29489
3.229
3.16478
3.10241
3.04205
2.98386
2.92797
2.87454
2.8237
2.77556
2.73025
2.68787
2.64852
2.6123
2.57919
2.54917
2.52223
2.49833
2.47745
2.45959
2.44473
2.43285
2.42394
2.41799
2.415
2.41496
2.41787
2.42372
2.43252
2.44425
2.45893
2.47654
2.49707
2.52053
2.54689
2.57616
2.6083
2.64331
2.68118
2.72178
2.76498
2.81061
2.85854
2.90859
2.9606
3.01438
3.06977
3.12657
3.1846
3.24368
3.30362
3.36422
3.42529
3.48665
3.5481
3.60947
3.67056
3.7312
3.79121
3.8504
3.90863
3.96571
4.02153
4.07611
4.12947
4.1816
4.23252
4.28225
4.3308
4.37817
4.42438
4.46943
4.51334
4.55612
4.59777
4.6383
4.67772
4.71604
4.75327
4.78941
